[17-EarlyFoamOnePrototypeWithAirMaxHeel.jpg]
moddate=00bf2e1b1817d501
width=1181
height=920
text=1;346;222;Early Air Foamposite One Prototype.&#010;It features an Air Max heel unit  and&#010;Zoom Air in the forefoot rather than&#010;the full-length Zoom Air unit with a&#010;double-stacked Zoom unit in the heel&#010;found in the final production model. ;Arial;0.555832,0.034842,0.033333,0.000000;v1,4281028295,4278190080,128.000000,1.000000,0.000000,1.000000,400,256,49152;;
textactive=1
